   10,
   28,
   29,
   33,
   35,
   36,
   37,
   66,
   71,
   88,
   94,
  113,
  136,
  140,
  151,
  156,
  164,
  166,
  181,
  206,
  207,
  234,
  238,
  243,
  249,
  286,
  293,
  299,
  304,
  306,
  308,
  324,
  342,
  343,
  353,
  384,
  388,
  400,
  473,
  479,
  483,
  484,
  489,
  496,
  500,
  508,
  513,
  534,
  547,
  557,
  572,
  601,
  602,
  611,
  616,
  617,
  632,
  648,
  659,
  666,
  668,
  683,
  692,
  716,
  718,
  722,
  723,
  727,
  744,
  753,
  754,
  756,
  764,
  766,
  778,
  782,
  797,
  798,
  803,
  804,
  813,
  814,
  828,
  841,
  843,
  858,
  862,
  884,
  887,
  889,
  893,
  902,
  908,
  910,
  926,
  942,
  954,
  980,
  983